1|0|6|2|6|u|0|_|a|6|2|6
1|0|6|3|0|u|0|_|a|6|3|0
E74XOS4X2J78ZZH2O8YZ2W2ZYY1K3XJ04QXX
E74XOS4X2J78ZZH2O8YZ2W2ZYY1K3XJ04QXX
1|0|4|5|2|u|0|_|a|4|5|2=J10E17
1|0|1|3|3|u|0|_|a|1|3|3
1|0|6|3|0|u|0|_|a|6|3|0
1|0|2|8|1|u|0|_|a|2|8|1=7=25
1|0|5|2|1|u|0|_|a|5|2|1
1|0|3|7|5|u|0|_|a|3|7|5
1|0|2|4|5|u|0|_|a|2|4|5
1|0|3|0|6|u|0|_|a|3|0|6
1|0|2|3|4|u|0|_|a|2|3|4
1|0|2|1|7|u|0|_|a|2|1|7
1|0|2|1|7|u|0|_|a|2|1|7
1|0|1|0|5|u|0|_|a|1|0|5
1|0|5|8|3|u|0|_|a|5|8|3
1|0|2|2|9|u|0|_|a|2|2|9
1|0|3|6|8|u|0|_|a|3|6|8
1|0|1|9|9|u|0|_|a|1|9|9
1|0|3|2|2|u|0|_|a|3|2|2
1|0|3|2|3|u|0|_|a|3|2|3
1|1|3|1|7|u|0|_|a|1|3|1|7
1|0|2|7|1|u|0|_|a|2|7|1
1|0|1|7|8|u|0|_|a|1|7|8
